0000110011100110000100
01100001100110001000011
0000010011000110001100
010100110000110011001010
001101010000110101100011
01100100110000110011000
00000110000000011000
01000110000110011000100
001100000100110001100
011000101001100001100110
010100011010100001101011
0001101100100110000110
01100000000110000000
01100000000110100000
0110110100011011111000010
000100001000010000100
001000010000100001000
01000010000100001000
01000010000100001000
01000010000100001000
01000010000100001000
01000010000100001000
010000100001
